[已知参数开始]
n=2730.000000;
Mn=6.000000;
beltaR=14.000000;
Han'=1.000000;
Hao'=1.400000;
AnR=20.000000;
Z1=29.000000;
Z2=35.000000;
Xn1=0.370000;
Xn2=0.430000;
b=60.000000;
T=933.220000;
Pao=2.400000;
Pro=0.210000;
At'R=21.230000;
Q2=6.000000;
Q3=6.000000;
fpb=13.150000;
KA=1.500000;
[已知参数结束]
[结果]
belta=0.244347;
An=0.349066;
At'=0.370532;
Mt=6.183680;
Cn'=0.400000;
At=0.358869;
a=197.877761;
u=1.206897;
a'=198.760864;
Xt1=0.359010;
Xt2=0.417227;
d1=179.326721;
d2=216.428801;
Ha1=8.220000;齿轮1齿顶高
Ha2=8.580000;
Hf1=6.180000;
Hf2=5.820000;
h1=14.400000;
h2=14.400000;
Da1=195.766721;
Da2=233.588801;
Df1=166.966721;
Df2=204.788801;
Db1=167.902712;
Db2=202.641204;
Atw=0.358868;
Bb=0.228781;
Zn1=31.508348;
Zn2=38.027317;
Ft=10408.041755;
Hao=8.400000;
g=38.929812;
Ea=2.140290;
Eb=0.770065;
ZH=2.433824;
Zt=0.708754;
Zb=0.985036;
V=25.633404;
Kv=1.325503;
KHb=1.153350;
KHa=1.330579;
OH=697.545739;
[结果]
