[已知参数开始]
n=2730.000000;齿轮1轴转速,单位r/min
Mn=6.000000;法向模数,单位mm
belta=14.000000;螺旋角,单位度
Han'=1.000000;法面齿顶高系数
[已知参数结束]
[结果]
Rn=2.493774;Rn=2*pow(Mn,2);
Cn=258.493774;Cn=Rn+pow(2,8);
Max=258.493774;
Min=2.493774;
BB=1812.059866;
[结果]
